2,411
3,500,2697,1182
4,910
5,179,1368
6,719
7,912
8,720
9,1246
10,
11,328
12,1534
13,36
14,174,817
15,705
16,
17,35
18,
20,
21,723
22,647
24,112
25,
26,
27,
28,
29,162
30,179
31,411
32,179
33,503
34,411
35,25
36,1356
37,1369
38,179
39,
40,190
41,1385
42,
43,
44,
45,2620
46,113
47,940
48,170
49,2378
50,
51,
52,
53,
54,114
55,439
56,488
57,1623
58,162
59,179
60,
61,
62,191
63,
64,
65,867
66,
68,
69,39
70,429
71,125
72,
73,
74,516
75,
76,124
77,503
78,
79,940
80,
81,352,582,297
82,20
83,
84,2001
85,
86,61
87,699
88,1368
89,258
90,
91,705
92,912
94,547
95,912
96,1196
97,
98,
99,179
100,2639
101,1196
102,
103,273
104,2002
105,
106,1008
107,
108,
109,568
110,
111,
113,
114,2001
115,316
116,424
117,
118,647
119,
120,
121,162
122,47,763,42
123,867
124,179
125,
126,910
127,118
128,2503
129,
130,
131,17
132,1534
133,912
134,820
135,
136,912
137,590
139,179
140,179
141,
142,411
143,2002
144,
145,940
146,208
147,183
148,
149,
150,179
151,910
152,214
153,
154,647
155,2503
156,179
157,2001
158,
159,197
161,14
162,912
163,656
164,2090
166,489
168,
170,157
171,
172,
173,
174,910
175,
176,411
177,964
178,
179,406
180,703
181,
182,126
183,
184,179
185,302
186,
187,38
189,487
190,29
191,347
192,1341,1294
193,179
194,439
195,
196,
198,409
200,
201,463
202,
203,390
204,534,544
205,
206,
207,940
208,252
209,
210,
211,
212,125,1306,119,120
213,
214,
215,
216,408
217,233,60
218,
219,910
220,2639
223,
224,
225,
226,36
227,912
228,2371
229,190
230,162
231,
232,
233,509
234,
235,566,125,431,765
236,1534
237,179
238,790,97,267
240,
241,572
242,30
243,36
244,1623
247,522
248,162
249,647
250,572
251,
252,720
253,
254,1438
255,790
256,
257,
258,289
259,548
260,354
261,351
262,179
263,
264,2001
265,911
266,910
267,422
268,
269,2639
270,409,751,227,405
271,
273,796
274,10
275,
277,
278,112
279,893
280,190
281,
282,116
283,
284,790
285,1196
286,113
288,179
289,
290,2141
291,
292,
293,258
294,2006
295,
296,316
297,750
298,279
299,910
300,110
301,
302,912
303,293
304,179
305,
306,347
307,177,2006,621,627
308,179
310,37
311,629
312,
313,2001
314,2001
315,
316,
317,
318,36
319,
320,
321,118
322,46
324,
325,
326,
327,37
328,
329,196
330,
331,576
332,912
333,29,546
334,
335,
336,179
337,606
338,179
339,
340,
341,657
342,
343,135
344,
345,179
346,
347,588
348,
349,592
350,162
351,580
352,456
353,
354,
355,179
356,173
357,
358,642
359,1727
360,116,481,597
361,
362,643
363,179
364,
365,
366,
367,
368,717
369,1623
370,2002
371,856
372,427
375,35
376,206
377,
378,
380,162
382,352
383,210
385,
386,2001
387,149
388,
390,912
391,1008
392,940
393,
394,1379
395,160
396,150
397,1097
398,940
399,
400,162
401,1196
402,193
403,214
404,651
405,46
406,
407,498
408,
409,568
410,144
411,791
412,940
413,
414,
415,208
416,2371
417,
418,940
419,198
420,31
421,
423,411
424,503
425,912
426,1009
427,116
428,
430,
431,179
432,1196
433,
434,
435,867
436,411
437,486
438,190
439,46
440,495
441,407
442,
443,
444,159
446,
447,
449,1009
450,572
451,179
452,
453,940
454,594
455,179
456,128
457,1306
458,487
459,
460,411
461,
462,43
463,
464,1623
465,407
466,912
467,167
468,493
469,940
470,940
471,
472,209
473,450
474,
475,1558
476,179
477,2394
478,643
479,
480,1727
481,
482,
484,2001
485,642
486,
487,289
488,179
489,179
490,
491,1385
492,
493,
494,
495,95
496,347
497,940
498,
499,
500,
501,910
502,
503,1558
504,2002
506,
507,
509,394
510,940,2645,546,2782
511,
512,1356
513,
514,486
515,247
516,940
517,821
518,
519,
520,
521,
523,207
525,
526,1196
527,
529,150
530,
531,
532,
533,2002
534,1534
535,
536,277
537,
538,1010
539,
540,
541,
542,95,51,2394,2668
543,503
544,199
545,
546,2001
547,
548,252
549,2001
550,193
551,
553,
555,
556,910
557,
558,2003,262,707,267
559,
560,411
561,719,559,218
562,656
563,614
565,
566,2639
567,179
568,
569,940
570,46
571,911
572,
573,
574,135
575,2001
576,
577,
578,991
579,
580,71
581,
582,237
583,
584,456
585,910
586,
587,179
589,210
590,912
592,
593,
594,2001
595,1385
596,
598,
601,
602,
603,
604,596
605,1246
606,179
607,408,555
608,885,843,484
609,1368
611,411
612,
613,
614,1558
616,193
617,940
618,1008
619,179
620,940
621,911
622,705
623,
624,411
625,
627,421
628,
629,718
631,110
632,1623
633,
634,910
635,179
636,
637,2001
638,
639,201
640,
641,179
642,174
643,
644,179
645,207
646,
647,2639
649,
650,179
651,9
652,
654,5
655,779
656,65
657,179
658,
659,456
660,486
661,572,1368
662,
663,122
664,
665,179
666,411
667,113
668,
669,
670,
671,
672,409
673,110
674,289
675,37
676,
677,125
678,179
679,289
680,162
681,1558
682,
683,411
684,
685,118
686,429
687,293
688,910
689,1006
690,
691,
692,
693,
694,347
695,194
696,2001
697,2006
698,9
699,2001
700,1534
701,2394
702,113
703,
704,
705,
706,940
707,
708,635
709,2001
710,493
711,
712,
713,
714,411
715,765
716,413
717,940
718,179
719,673
720,2001
721,
722,289
723,910
725,150
726,
727,205,1329,255,589
728,
729,347
730,1386
731,179
732,1242
733,179
734,
735,1196
736,912
737,
738,116
739,
741,179
742,314
743,29
744,119
746,
747,487
749,1534
750,
751,352
752,87
753,2002
754,2482
756,179
757,
758,1531
759,179
760,
761,
762,
763,179
764,
765,
767,2001
768,
769,910
770,1534
771,
772,2001
773,705
776,179
777,411
778,912
779,
780,
781,35
782,66
784,275
785,
786,1534
787,
788,2002
789,
790,179
791,36
792,487
793,179
794,
795,
797,2394,694
798,790
799,150
800,179
801,301
802,411
804,162
805,
806,179
807,
808,
809,179
810,1243,160,546
812,118
813,940
814,2253
815,162
816,162
817,504
818,179
819,655
820,748,680
821,179
822,
823,487
824,
825,
826,
827,2001
828,964
829,
830,643
831,
832,
834,894
835,2001
836,376
837,287
838,411
839,
840,1196
841,110
842,337
843,1329
844,179
845,1901
846,
847,
848,275
849,718
850,646
851,162
852,720
853,910
854,577
855,
856,856
858,113
859,411
860,1009
861,1246
862,
863,
864,
865,
868,790
869,160,118,61
870,110
871,118
873,912
874,347
875,333
876,65
877,1901
878,289
881,278
882,
884,643
885,162
886,411
887,
888,191
889,705
890,2001
891,
893,
895,572
896,
897,
898,590
899,13
900,
903,179
904,
905,940
906,36
907,
908,347
909,179
910,37
911,1534
912,118
913,
914,504
915,590
916,113
917,722
919,196
920,
921,
922,503
924,719
925,126
926,186,605,666
927,1356
928,39
929,910
930,643
931,407
932,2001
933,196
934,356
935,
936,
938,911
939,647
940,179
941,
942,720
943,
946,
948,
949,
950,2001
951,14
952,
953,
954,
955,
958,
959,280
960,940
961,
962,47
963,
964,179
965,
966,1534
967,296
968,717
969,179
971,731
972,
975,179
976,645
977,
978,276
979,1369
980,621,66,177
981,
982,495
984,179
985,
986,2378
987,358
989,590
990,498
991,572
993,867
994,150
995,2394
996,42,47
997,179
998,328
999,1369
1001,1534
1002,
1003,940
1004,505
1005,247
1006,
1007,364
1008,1009
1009,
1010,411
1011,796
1012,179
1013,952
1014,
1015,
1016,
1017,456
1018,647
1019,399
1020,2047
1021,
1022,407
1023,1196
1024,179
1025,1368
1026,940
1027,113
1028,179
1029,
1030,2152
1032,2002
1033,912
1034,297
1035,755
1036,
1037,414
1038,411
1039,
1040,355
1041,
1042,648
1044,
1046,289
1047,642
1049,277
1050,495
1051,643
1052,564
1053,911
1054,410
1055,
1056,
1057,
1058,
1060,1196
1061,
1062,1196
1063,1875
1064,
1065,940
1067,1246
1068,1196
1069,
1070,1534
1071,940
1072,
1073,2503
1074,
1075,195
1076,2253
1078,348
1079,
1080,
1081,110
1082,196
1083,
1084,179
1085,1370
1086,450
1087,411
1088,
1089,
1090,622
1091,
1092,1139
1093,125
1094,
1097,
1098,
1099,196
1100,
1101,
1102,36
1103,1097
1104,590
1106,
1107,647
1108,275
1109,162
1110,118
1111,413
1112,1196
1113,719
1114,
1116,719,238,257
1118,548
1119,910
1120,1436
1121,177,74
1122,35
1123,
1124,2350
1125,152
1126,1196
1128,179
1130,179
1131,162
1132,940
1133,
1134,1534
1135,1196
1136,
1137,503
1138,1009
1139,29
1140,203
1143,
1144,740
1145,162
1146,110
1147,765
1148,1097
1149,411
1150,
1151,2173
1152,11
1153,
1154,66
1155,313
1156,2610
1157,647
1158,417
1159,118
1160,643
1161,10,11,329,336
1163,179
1164,157
1165,179
1166,2648,157,411,1196
1167,1420
1170,36
1171,415
1172,
1173,
1174,78
1176,546
1177,304,579,6
1178,
1179,
1180,
1181,1292
1182,642
1183,
1184,
1185,112
1186,940
1187,
1188,
1189,575
1190,505
1191,411
1192,
1193,790
1194,
1195,759
1196,1196
1197,
1198,912
1199,2002
1200,179
1202,
1204,
1206,125
1207,1196
1209,503
1210,
1211,
1212,
1213,347,179,411,2417
1214,647
1215,112
1216,179
1217,314
1219,910
1220,940
1221,1246
1222,114
1223,940
1224,414
1225,2001
1226,590
1228,453
1229,129
1230,276,597,2451
1231,411
1232,411
1233,
1234,411
1235,
1236,
1237,
1238,705
1239,
1240,642
1242,
1243,118
1244,498
1245,1356
1246,910
1247,1534
1248,
1249,411
1253,
1254,2371
1255,717
1256,
1258,
1259,
1261,590
1262,289
1263,687
1264,
1265,2639
1267,
1270,487
1271,1810
1272,911
1273,
1274,2001
1275,
1276,744
1277,910
1278,1534
1279,940
1280,179
1281,577
1282,179
1283,
1284,
1286,374
1287,157
1288,
1289,495
1290,450
1291,590
1292,36
1293,911
1294,
1295,
1296,93
1298,113
1299,115
1300,
1301,2003
1302,277
1303,
1304,
1305,
1308,
1309,
1310,590
1311,1311
1312,796
1313,439
1316,2002
1318,
1319,179
1321,
1322,
1323,1008
1324,252
1325,105
1327,
1329,
1330,207
1331,277
1332,
1333,1558
1334,
1335,
1336,111
1337,1623
1339,179
1340,649
1342,567
1343,
1345,
1346,
1347,1293
1348,2394
1349,179
1350,2001
1351,585
1352,117
1353,2001
1354,179
1355,
1356,289
1357,174
1358,644
1360,
1362,119
1363,413
1364,763
1365,162
1366,1534
1367,779
1368,411
1369,
1371,
1372,179
1373,179
1374,179
1375,867
1376,
1377,179
1378,
1379,162
1380,910
1381,112
1382,
1383,179
1384,1558
1385,
1386,940
1387,1534
1388,
1389,179
1390,
1393,192
1394,0
1395,547
1396,856
1397,568
1398,
1399,289
1401,
1402,856
1403,
1404,705
1405,489
1406,504
1407,910
1408,453
1410,
1411,
1413,991
1414,487
1416,718
1418,351
1419,911
1420,718
1421,
1422,
1423,486
1424,
1425,835
1426,656,423,176
1427,
1428,1623
1429,1534
1430,
1431,
1432,411
1433,
1434,912
1435,
1437,940
1438,
1439,179
1440,
1441,
1442,305
1443,672
1444,796
1445,
1446,1534
1447,634
1449,
1450,1179
1451,128
1452,179
1453,162
1454,179
1455,162,546
1456,179
1457,162
1458,643
1459,1368
1461,289
1462,
1463,940
1464,179
1465,910
1466,456
1467,729
1469,179
1470,
1471,2001
1472,
1473,46
1474,
1475,113
1476,
1477,1116,408
1478,
1479,1196
1480,1534
1481,179
1483,411
1484,790
1485,
1486,
1488,429
1489,820
1490,647
1491,567
1492,179
1493,893
1494,210
1495,
1496,911
1497,572,1147,659,1136
1498,
1500,9
1501,89
1502,
1503,
1504,171
1505,273
1506,
1507,657,649,59
1508,277
1509,
1511,
1513,
1514,411
1515,1240
1516,
1517,940
1518,644
1519,
1520,
1521,1534
1522,
1524,1196
1525,820
1527,1452
1528,
1530,2141
1531,1009
1532,
1533,421
1534,487
1535,179
1536,
1537,910
1538,940
1539,
1540,586
1541,547
1542,411
1543,746,119,444,189
1544,940
1545,
1546,940
1547,520
1549,407
1551,347
1552,29
1553,1097
1554,940
1555,114
1556,429
1557,
1558,
1559,214
1560,110
1562,36
1563,1240
1564,912
1565,179
1566,940
1567,
1568,557
1570,37
1572,162
1573,
1574,
1575,38
1576,9
1577,
1578,720
1579,
1580,162
1581,
1582,410
1583,
1584,179
1585,191
1586,
1587,
1588,
1589,179
1590,411
1591,
1592,2001
1593,590
1594,718
1595,111
1596,1196
1597,705
1599,534
1600,940
1601,152
1604,2001
1605,36
1606,
1607,
1608,
1611,646,411,481
1613,577
1614,179
1615,911
1616,574
1617,493
1618,685
1619,
1620,276
1621,9
1622,
1623,277
1624,865
1625,2645
1626,411
1627,
1628,37
1629,2001
1630,163
1632,585
1633,
1634,202
1635,179
1636,
1637,179
1638,1009
1639,2001
1640,
1641,547
1642,
1643,179
1644,
1646,112
1647,
1648,
1649,
1650,290
1652,179
1653,
1654,
1655,
1656,966
1657,2371
1658,
1659,
1660,1009
1661,
1662,
1663,162
1664,1623
1665,486
1666,162
1667,595
1669,
1670,577
1671,2001
1672,
1674,
1675,173,289,733,145
1676,111
1677,1725
1678,912
1679,172
1680,1009
1682,
1683,
1684,
1685,429
1686,1623
1687,643
1688,
1689,755
1690,
1691,
1692,
1693,
1694,1420,46,257,911
1695,718
1696,490
1697,205,763,622
1699,912
1700,16
1701,763
1702,964
1703,1196
1704,114
1705,504
1706,12
1707,118
1708,2639
1709,411
1710,668,14,18,267
1711,705
1712,2001
1715,37
1717,
1718,112
1719,337,754
1720,514
1721,423
1722,575
1723,2610,2371,17,166
1724,230
1725,36
1726,46
1727,
1728,179
1729,386
1730,
1732,171
1733,292
1734,179
1736,
1737,790
1740,36
1741,179
1742,37
1743,351
1744,836,1558,3
1745,
1746,547
1747,38
1748,
1749,
1751,
1752,179
1753,
1754,
1755,528,234,497,439
1757,1356
1759,582
1760,
1761,207,136,421,42
1762,
1764,644
1765,409
1766,575
1768,216
1769,1246
1770,
1771,1534
1772,410
1773,320
1774,
1775,1142
1776,
1777,179
1778,
1779,1009
1780,162
1781,866
1782,
1783,911
1784,
1785,
1786,
1787,429
1788,209
1789,
1790,
1791,2394,367
1792,
1793,352
1794,
1795,179
1796,
1797,
1798,
1799,719
1800,1010
1801,677,39,2063
1802,410
1803,
1804,
1805,644
1806,
1807,1026
1808,
1809,
1810,2394
1811,78
1813,37
1814,488
1815,1368
1816,62
1817,
1818,179
1819,29
1820,940
1821,
1822,98
1823,580
1824,179
1825,853
1826,940
1827,
1828,162
1829,940
1830,1558
1831,718
1832,940
1833,910
1834,74
1835,
1836,144
1838,940
1839,
1840,116
1841,1097
1842,439
1844,
1845,194
1846,285
1847,
1848,764
1850,
1851,162
1852,
1853,494
1855,179
1856,720
1857,489
1858,2001
1859,1420
1860,193
1861,154
1862,
1863,
1864,
1865,
1866,
1867,1329,83,622,588
1868,206
1869,504
1871,940
1872,458
1873,
1874,2610
1875,1097
1877,1136
1879,567
1880,
1881,411
1883,175
1885,2610
1887,
1888,2639
1889,
1890,790,309
1891,
1892,610
1894,940
1895,940
1896,487
1897,179
1898,
1899,940
1900,411
1902,
1903,940
1904,2090
1905,412
1906,503
1907,2371
1908,910
1909,1196
1910,
1911,488
1912,790
1914,
1915,612
1917,
1918,831
1919,940
1920,
1921,1356
1922,
1923,
1924,305
1925,68
1926,2063
1928,411
1929,347
1930,10,336,329,331
1931,
1933,466
1934,1139
1935,348
1936,110
1937,
1938,
1939,2279,439,166
1941,651
1942,
1944,488
1946,940
1947,179
1948,
1949,
1950,
1951,196
1952,940
1954,1623
1955,172
1956,9
1957,46
1958,1369
1959,912
1961,1534
1962,498
1963,
1964,547
1965,38
1966,179
1968,2001
1969,253
1971,118
1972,2639
1973,1097
1974,1369
1975,
1976,230
1977,179
1978,2001
1979,940
1980,
1981,179
1982,
1983,
1984,571
1986,
1987,179
1988,
1989,682,1683,421,2451
1990,657
1991,582
1992,
1993,409
1994,488
1995,
1996,46
1997,1196
1998,
1999,
2000,352
2001,296
2003,1420
2004,179
2005,705
2006,2371
2007,
2008,
2009,
2010,718
2011,
2013,179
2014,38
2015,1306
2016,439
2017,
2018,720
2019,
2020,
2021,720
2022,410
2023,303
2024,
2025,150
2027,33
2028,411
2029,196
2030,
2031,1436
2032,1368
2033,940
2034,277
2035,1126
2036,
2037,940
2038,179
2039,910
2040,53
2041,179
2042,992
2043,1246
2044,705
2045,
2046,1097
2047,
2048,
2051,
2052,
2053,647
2054,289
2055,
2056,
2057,
2058,409
2059,912
2060,118
2061,
2062,910
2064,179
2065,1534
2066,1097
2067,89
2068,
2069,179
2070,
2071,723
2072,285
2075,
2076,110
2077,
2078,503
2079,289
2080,411
2081,2367
2083,
2084,488
2086,406
2087,912
2088,2001
2090,1369
2091,
2092,1368
2093,
2094,422
2095,167
2096,179
2097,
2099,2371,14,1182,526
2100,213
